     Unnamed: 9 Unnamed: 7  ... Observaciones    valida
36   2000471135   21310064  ...           0.0       0.0
39   2000428425       9296  ...           0.0       0.0
40   2000429856     139440  ...           0.0       0.0
41   2000439488      37184  ...           0.0       0.0
42   2000450896     250992  ...           0.0       0.0
45   2000471097      14394  ...           0.0  -12164.0
48   5500008257     280500  ...           0.0       0.0
49   5500008257      90000  ...           0.0       0.0
52   5500008257      15000  ...           0.0       0.0
55   4500069899    2000000  ...           0.0       0.0
58   4500058905    6300000  ...           0.0       0.0
59   4500059009     584000  ...           0.0       0.0
60   2000397022     194444  ...           0.0       0.0
63   2000448131     400000  ...           0.0       0.0
64   2000464413     200000  ...           0.0       0.0
65   2000404735     265000  ...           0.0       0.0
66   2000464020     265000  ...           0.0       0.0
67   2000463904     334110  ...           0.0       0.0
70   2000469926     600000  ...           0.0       0.0
73   2000469782     600000  ...           0.0       0.0
74   2000469925     600000  ...           0.0       0.0
75   2000469781     600000  ...           0.0       0.0
78   2000465267     500000  ...           0.0       0.0
81   4500068553     280000  ...           0.0       0.0
82   2000451759     360000  ...           0.0       0.0
83   2000451760     131000  ...           0.0       0.0
84   5500008257     128400  ...           0.0       0.0
87   5500008257      95400  ...           0.0       0.0
90   5400015774    1500000  ...           0.0       0.0
93   2000426970     125862  ...           0.0       0.0
..          ...        ...  ...           ...       ...
112  2000454998    1232264  ...           0.0  -57828.0
113  2000453964    1448858  ...           0.0       0.0
114  2000466170     235000  ...           0.0       0.0
117  2000466860    1200000  ...           0.0       0.0
118  2000467175    1200000  ...           0.0       0.0
119  2000467549    1200000  ...           0.0       0.0
120  2000467171    1200000  ...           0.0       0.0
121  2000467178    1200000  ...           0.0       0.0
122  2000421198     449700  ...           0.0       0.0
123  2000469049    1200000  ...           0.0       0.0
124  2000469047    1200000  ...           0.0       0.0
129  4500069410     400000  ...           0.0       0.0
132  2000381213     359600  ...           0.0       0.0
133  2000381213      20000  ...           0.0       0.0
134  2000381213      10700  ...           0.0       0.0
135  2000381213      66400  ...           0.0       0.0
136  2000381213      15900  ...           0.0       0.0
137  2000381213      10400  ...           0.0       0.0
138  2000381213      14000  ...           0.0       0.0
141  2000465441     200000  ...           0.0       0.0
142  2000466280     200000  ...           0.0       0.0
143  2000466293     200000  ...           0.0       0.0
144  2000466294     200000  ...           0.0       0.0
145  2000466295     200000  ...           0.0       0.0
146  2000461847     200000  ...           0.0       0.0
147  2000466281     200000  ...           0.0       0.0
150  2000421862    1948500  ...           0.0       0.0
151  2000421863    1280000  ...           0.0       0.0
152  2000354855     800000  ...           0.0 -800000.0
153  2000421863     320000  ...           0.0       0.0

[74 rows x 15 columns]
     Unnamed: 9 Unnamed: 7  ... Observaciones    valida
36   2000471135   21310064  ...           0.0       0.0
39   2000428425       9296  ...           0.0       0.0
40   2000429856     139440  ...           0.0       0.0
41   2000439488      37184  ...           0.0       0.0
42   2000450896     250992  ...           0.0       0.0
45   2000471097      14394  ...           0.0       0.0
48   5500008257     280500  ...           0.0       0.0
49   5500008257      90000  ...           0.0       0.0
52   5500008257      15000  ...           0.0       0.0
55   4500069899    2000000  ...           0.0       0.0
58   4500058905    6300000  ...           0.0       0.0
59   4500059009     584000  ...           0.0       0.0
60   2000397022     194444  ...           0.0       0.0
63   2000448131     400000  ...           0.0       0.0
64   2000464413     200000  ...           0.0       0.0
65   2000404735     265000  ...           0.0       0.0
66   2000464020     265000  ...           0.0       0.0
67   2000463904     334110  ...           0.0       0.0
70   2000469926     600000  ...           0.0       0.0
73   2000469782     600000  ...           0.0       0.0
74   2000469925     600000  ...           0.0       0.0
75   2000469781     600000  ...           0.0       0.0
78   2000465267     500000  ...           0.0       0.0
81   4500068553     280000  ...           0.0       0.0
82   2000451759     360000  ...           0.0       0.0
83   2000451760     131000  ...           0.0       0.0
84   5500008257     128400  ...           0.0       0.0
87   5500008257      95400  ...           0.0       0.0
90   5400015774    1500000  ...           0.0       0.0
93   2000426970     125862  ...           0.0       0.0
..          ...        ...  ...           ...       ...
112  2000454998    1232264  ...           0.0  -57828.0
113  2000453964    1448858  ...           0.0       0.0
114  2000466170     235000  ...           0.0       0.0
117  2000466860    1200000  ...           0.0       0.0
118  2000467175    1200000  ...           0.0       0.0
119  2000467549    1200000  ...           0.0       0.0
120  2000467171    1200000  ...           0.0       0.0
121  2000467178    1200000  ...           0.0       0.0
122  2000421198     449700  ...           0.0       0.0
123  2000469049    1200000  ...           0.0       0.0
124  2000469047    1200000  ...           0.0       0.0
129  4500069410     400000  ...           0.0       0.0
132  2000381213     359600  ...           0.0       0.0
133  2000381213      20000  ...           0.0       0.0
134  2000381213      10700  ...           0.0       0.0
135  2000381213      66400  ...           0.0       0.0
136  2000381213      15900  ...           0.0       0.0
137  2000381213      10400  ...           0.0       0.0
138  2000381213      14000  ...           0.0       0.0
141  2000465441     200000  ...           0.0       0.0
142  2000466280     200000  ...           0.0       0.0
143  2000466293     200000  ...           0.0       0.0
144  2000466294     200000  ...           0.0       0.0
145  2000466295     200000  ...           0.0       0.0
146  2000461847     200000  ...           0.0       0.0
147  2000466281     200000  ...           0.0       0.0
150  2000421862    1948500  ...           0.0       0.0
151  2000421863    1280000  ...           0.0       0.0
152  2000354855     800000  ...           0.0 -800000.0
153  2000421863     320000  ...           0.0       0.0

[74 rows x 15 columns]
